0
0
0
0
0
0.23507071425679035
0.12986958030664636
0.15569070210155792
0.15850211853463517
0.16805268858752082
0.16221459237896277
0.2425805119651781
0.29130048452565027
0.2783757573599734
0.22910861868394206
0.23897026222642356
0.38682208543973173
0.31748320128014346
0.3992290964898735
0.3630965468493589
0.2310796751472501
0.1985162200653646
0.17248723075052616
0.17528584985929632
0.2022955922541713
0.12706836918819192
0.1403716673693638
0.16254552747513099
0.20721461736246416
0.1970371356826148
0.25195915808278646
0.24924258234739477
0.22867862910971756
0.17847249804858523
0.12495941292409063
0.2030644068405229
0.19876495481979803
0.20099856568352045
0.21696415425433294
0.16674455070882033
0.16990222829497154
0.35468195636754485
0.17773156542107355
0.19805905434273885
0.20546048831739355
0.2084781652566886
0.17950357548112564
0.16767921867881064
0.14959762938099358
0.17560195510194979
0.1547672782121331
0.17530015103984325
0.1801686388066431
0.19201428714600477
0.21077908482274899
0.20818304180659847
0.2100847172540064
0.24753983476977204
0.23060745291424278
0.20272264127287873
0.25797913267330275
0.17200702433905854
0.20311001141822285
0.15906037170198417
0.21844916477094978
0.186973541390968
0.20593211435772873
0.1923172664294634
0.2226461655529021
0.18167844000980865
0.24956294749218977
0.0997909810070947
0.17248964358576574
0.18520965027163014
0.2392950253479274
0.21890929946711746
0.18167901503946401
0.18774017937624524
0.1935938534336436
0.20964774919657894
0.1769202750926276
0.25089645897473145
0.21866292214284114
0.18364736433048076
0.12195432412203025
0.2029429333352027
0.17329614857415818
0.18808593262128684
0.18911701712722112
0.21820820324788784
0.21445029340445468
0.26363078314845506
0.24388427878191873
0.1987204268360039
0.1956578754523958
0.20319840703951844
0.20906100223991714
0.13943006680686731
0.24861263598728348
0.18303342280713264
0.22059287895180274
0.17344652399463026
0.20216407426142963
0.17592462833048733
0.15323135399630253
0.1912547281968601
0.2891347050412472
0.27801134319426335
0.26414091067982515
0.24565992482480925
0.30705094429580104
0.23092372248926188
0.3320658973473973
0.1867347458330608
0.1932347572196652
0.20296829255735535
0.21425965049202966
0.21783709310785163
0.1756617010314672
0.19254236187972185
0.11332224296900695
0.1333654166831714
0.17269551194847615
0.250186022416071
0.1667660716150575
0.17282374692478975
0.18908100214204626
0.17627702094240472
0.18856020201878568
0.19889220275777172
0.22279976691570916
0.20808726187649101
0.20723447969719525
0.21677501219628872
0.1993836013248926
0.17276400861769062
0.18730606980868916
0.19141922500537015
0.1489637212992395
0.21361275413620184
0.2204891189290999
0.1850382820296636
0.18680797301752897
0.189960173673921
0.22326294086789295
0.16804479074785508
0.1610685317738904
0.210993010883086
0.1405424348592569
0.22358252065083709
0.19864058243534274
0.2234410810352821
0.18654355476358125
0.17683275221165853
0.18879423090195507
0.194200799257888
0.2206297153249925
0.1545957651770284
0.2489229422850241
0.18882203182424676
0.15604867542851536
0.15783562756973013
0.19870478560135996
0.17327321705171012
0.2502613168073169
0.21777029870054096
0.19120313043435583
0.17122461845659095
0.1486208452811232
0.1593894086850883
0.1841902287063412
0.22873767596247419
0.16310545311367813
0.20179029320844774
0.22531552357222812
0.21175675916971123
0.18725142163832176
0.18993113170594825
0.1758564499173875
0.1888229355341583
0.15735504576709064
0.2523357048373211
0.1996568532074883
0.20035396334939615
0.1875427566486851
0.21364814034453117
0.17632393428555687
0.26235296352323895
0.22027680594538157
0.17481121799373123
0.1293541375464002
0.16883553374866933
0.16385651726412553
0.2098164851289237
0.1305789754631386
0.20879338813209006
0.17898525821922753
0.25629800551483467
0.14682314417065262
0.18538738109032898
0.1605632123373808
0.14740830596091792
0.22043087748246049
0.16307440502856863
0.1410726847796207
0.16738977100399063
0.21897901279785426
0.1625688295719717
0.1766571514779556
0.1829134667774642
0.18235309614034773
0.14992869978693577
0.15246825176882606
0.2515884130300856
0.2218314933981946
0.23443598210195962
0.23991688760482802
0.19203123744499684
0.2649947488686415
0.2248589669156681
0.254273071302137
0.2571301072527942
0.2641062800334889
0.239918967374246
0.2495325053508156
0.20540440845053134
0.18892784096140963
0.27777620982238144
0.20629596519994686
0.14445867948725613
0.2036242885123624
0.17743224183297168
0.1970370713437808
0.1627244016985655
0.1664285566241446
0.13160046424639604
0.1678325531875195
0.2359888676246943
0.19738173579613788
0.15419178785732326
0.1942473611068355
0.22174393039045734
0.19497931985384867
0.1482104917587401
0.21096018051364246
0.20157305485417473
0.1838882363097513
0.24941391903062077
0.16673833090961035
0.17116861973108236
0.17091290333740305
0.1849311220375585
0.15492475989688523
0.1163388040203901
0.18753989861568607
0.23023539781601962
0.1598873210489007
0.2248198343495729
0.14463858141844413
0.13996519683271136
0.20372912902754814
0.20674468924917028
0.17938486896067954
0.19288133122037843
0.1674226595822032
0.19457364805463057
0.15983920058655124
0.1685579728917576
0.1309087908710359
0.20042653192423635
0.20204052458929547
0.16274128679830108
0.2905594779652437
0.19023245406302391
0.17071954295773176
0.18528286513985434
0.1699450083175476
0.16254122411934027
0.20277090842875928
0.16370731852719636
0.24064075666393644
0.19446278720563007
0.11929415213497477
0.19656570348824165
0.18484379056096095
0.1574645844231797
0.18853099353336508
0.155310187856888
0.20974030822935316
0.15752856380220215
0.1847168965527332
0.22618241596640812
0.15374318408213694
0.18473925024078694
0.19451371872230666
0.15871134712231044
0.1532592190353146
0.1819628461155012
0.17618812699421202
0.1854637754005506
0.15059946894771076
0.15663050682718177
0.16006425690430526
0.18333904907849968
0.1644357779029982
0.25922765556190436
0.27781045159957274
0.1597104325444234
0.1871915428260415
0.3220811188646969
0.18111977026713266
0.16471124311972093
0.19116928313719925
0.1694620546991407
0.13966096036463707
0.19876627040697448
0.22379799809686388
0.17365226418396304
0.18277890523078005
0.22639667509648936
0.20848312515398726
0.11521963298773857
0.19690621802159475
0.1836245456871445
0.1698121547002197
0.17412137352397083
0.17593707163849623
0.23889875100496996
0.20554289134690493
0.20001312783395486
0.1983554144143964
0.18590490462999562
0.20662237764936664
0.18714422647821674
0.21532339910466844
0.14409410852037396
0.20767837889785085
0.1807729160758397
0.21474648383437767
0.36910976822906116
0.33493515331002827
0.2147861151499602
0.21995441651789213
0.17724496380722243
0.213042568430793
0.1612492024539074
0.21589120842016377
0.27491199952395456
0.20864044662210812
0.1905246117573856
0.18632666438740733
0.2763451839851803
0.22653780872366627
0.12887430040515221
0.1972019864380081
0.20700707780100083
0.175918107445982
0.24467680920105053
0.1779785151479894
0.1938141160552003
0.2436339178513683
0.17788094920494554
0.2044338904656515
0.21776471057700042
0.19386441384443928
0.18749970137170874
0.1846813549684374
0.14466391410625984
0.14476275022898635
0.06994204454582491
0.2169439051537183
0.19412388549345766
0.20344078136684038
0.22327332908069072
0.21631177089689868
0.15191625699627617
0.21779368623601109
0.16738620810445898
0.14809364608737316
0.2119321375022891
0.2017587515009998
0.23672580908474078
0.1739203106686647
0.2252439189016533
0.19313677872802357
0.2196136559930378
0.23598032510850675
0.24119020970281368
0.23874835943865125
0.23923141504495668
0.19606079215179542
0.21918334873494186
0.2366309790985923
0.20912676404152497
0.1652680295642124
0.17264064476913119
0.2235192951590894
0.18013773607676342
0.18015012064542105
0.2008894444640043
0.23021952739154933
0.19406939575763313
0.16490361354721134
0.2101256732414685
0.17270600092195423
0.17894233892497013
0.2491862496050919
0.2512028333187854
0.2059054050328872
0.17298287232006673
0.23305142137734183
0.13564079875451487
0.17208024714845616
0.3595557347799728
0.4211057741423049
0.16059845875141085
0.2773067855484227
0.23281484498928126
0.2556908542099792
0.21886565621738532
0.13065802288679426
0.16529570408758495
0.1577587179574398
0.25913430141637717
0.19394262849504307
0.23531018450861252
0.17284666627059878
0.16242378323831055
0.20534048547007006
0.20263070321960602
0.22685405491172597
0.2028231717438975
0.23089096078260243
0.16202651820221955
0.1594989765856531
0.24478561895082965
0.1948849931425137
0.18177615049867044
0.21782259505820986
0.1949007058840234
0.1617360201637832
0.248417451944716
0.19312561780812668
0.2324367449730126
0.19672969616741431
0.17972306213047257
0.2379856052166108
0.17396592518419934
0.1708528762902832
0.22649773497219083
0.16713273811864657
0.13886459398710888
0.18483833650282872
0.15348528552387775
0.13356497520656166
0.2144745092480921
0.18653583417607042
0.18562759286790337
0.19513897945280248
0.27176367103587046
0.1874062679013683
0.23502440225654112
0.1492468760664139
0.22253261142949413
0.21125983516003602
0.2648643460959736
0.22428914448209958
0.21475327228424335
0.29102932383662145
0.2168871728950903
0.2184297554687425
0.22891046544109914
0.19374781357083723
0.17937155841230243
0.14610170090420568
0.15749796875399336
0.22567794266189042
0.2102294906699732
0.1644316705972522
0.19381652666325855
0.18587331134323176
0.2659446385891499
0.2082664316905425
0.1998698611232541
0.1770060099366148
0.1895854088978412
0.1926767722844046
0.20165762105865634
0.16585899979217705
0.22900821913571315
0.1598145551243445
0.24371173765629808
0.15841398395730635
0.24716675525658888
0.14690091302746883
0.15655401897411253
0.1439922315413932
0.2247574573388747
0.15436734310629696
0.2775546571895691
0.17318656991458906
0.2630143888637495
0.15535900657918067
0.13604793537175736
0.1447685999795988
0.21744502991554568
0.18848898958030105
0.17985607844795853
0.1308782660929145
0.18923872695284683
0.1727886579171998
0.1890939230773614
0.19629735953663194
0.1710434672908534
0.22783761592707558
0.19628472842043398
0.20421545128892474
0.19620645113619534
0.18279600351798417
0.16530111576729065
0.3041110072334763
0.16481731532681984
0.1814937828489844
0.23117082217183615
0.26883857932765215
0.20585289634730017
0.2241168609843464
0.15271955070008802
0.21748110432011641
0.21220043185115545
0.20374683906939625
0.20151290991152762
0.1945497685073606
0.16274982679274105
0.16166502618949122
0.2272533903834236
0.19026736364454883
0.21448561492706106
0.20273533746820288
0.1870802737537388
0.19579254625634354
0.20271570836730318
0.19986713126903757
0.19766160444258116
0.1375164552763444
0.16943614945542013
0.25227917166303093
0.43286327791575135
0.18572765169380998
0.24027422427039433
0.1681279243557273
0.19374089591178356
0.2400879718263082
0.1916157582231755
0.14736421396694682
0.2123091689615644
0.21154903209731185
0.16642606628040216
0.1461112152788179
0.2065753127944466
0.1738823747575092
0.26862761820074227
0.1989672941458631
0.24304503715320624
0.2368147874712225
0.24701977030420869
0.1987792979232587
0.22269949694718402
0.26574926822681505
0.21191598763714123
0.23369060825351684
0.26228485077566893
0.2747995638250007
0.2111961822081392
0.17800226893257612
0.15967001689402588
0.23706874676512055
0.17700405685721368
0.1338019960139205
0.1955571885942049
0.1832037085848818
0.20863613087265975
0.1935109014077721
0.16867863067975236
0.1287159786835843
0.20691089217707
0.22169368219545296
0.23285705344637947
0.17177048141094947
0.20769488286486665
0.19637362973718092
0.24371517981300247
0.2464686974662039
0.17956114002572013
0.26809379305178754
0.27372026221585377
0.1870448099600752
0.2079192078744283
0.2205844633170138
0.24057786215536636
0.26123378171303524
0.17331197226937683
0.20764073230512534
0.1829578236525193
0.18678651372952168
0.19106383718958225
0.19705027238367429
0.1488385119697788
0.23889261020255023
0.2277372734091634
0.22006099913375413
0.14761281955587588
0.17388132518972327
0.2297439725777187
0.22267880534747017
0.13744515228072096
0.26257573175294485
0.16944996768374693
0.19800762808584285
0.1926081423989013
0.22324516068675487
0.17548739255248544
0.2666048174974962
0.15081858910713333
0.30257434277370077
0.24295918025643287
0.1811553847871031
0.18570009473134633
0.43574828195150106
0.19232661564497502
0.18137318296545496
0.21147270285794992
0.19384088557933118
0.19333373088744205
0.18120857975724358
0.19389429646140768
0.21303518346492556
0.2093743000148034
0.15604960932955253
0.28393823638807436
0.1687160873463236
0.17984432975808654
0.1416553845245992
0.25369599397896203
0.17641149361474964
0.17221736148953004
0.18016879139391007
0.15369868348243562
0.2058564657227061
0.1691610379004952
0.1596424537923293
0.17679946221071138
0.19550373315913197
0.15388871006854246
0.23296149486001394
0.2578395088402437
0.16991382540044395
0.22322808103166794
0.2137915742417611
0.19253651403939417
0.17850864466091
0.18577287672395357
0.25680937645675206
0.22563917801669095
0.19109249267618825
0.263231790279746
0.24133002241192497
0.17627830383754842
0.21328660045324035
0.19032890891031562
0.21401028969799463
0.19469052816874297
0.15807761484059032
0.20015751940983947
0.17114112707475776
0.23523001241590624
0.2156229879846542
0.23705631308435485
0.1768030358264483
0.25439917163615133
0.18046196108668208
0.1377093607213952
0.14047437065242296
0.13100636137538357
0.21354304413085431
0.190738874466265
0.21169142384640413
0.18574068914967629
0.24619175197375134
0.21852821467580882
0.20270816100901684
0.21426203637518668
0.21258232486281325
0.2184679580995227
0.21942745864877666
0.19826569888684983
0.19786038186139576
0.17236588991330518
0.23065345624458528
0.17894715933217978
0.20626315797219766
0.2760652249529288
0.17889914031359805
0.18355114494452218
0.15915820943174075
0.17236645711608947
0.17641483821889453
0.17701741518397843
0.20462463197946285
0.27317477687952496
0.2021411453578779
0.23640689804976148
0.21178024020370567
0.22674192391417136
0.292243926255009
0.2617413912753079
0.24469032577486577
0.21325502585386083
0.2313948009326712
0.19949776329681265
0.15872482388295583
0.21720608766632635
0.24986381625223483
0.137323500250974
0.1588125586642101
0.1309353583899835
0.21887454761257397
0.19937066734211506
0.12548323083510177
0.16394313398347796
0.19549774956688934
0.20815384009569876
0.18828674325659114
0.19985286529642787
0.18408122497132587
0.17836777833866765
0.18190548210000812
0.1524972723523636
0.1681475995683138
0.21191425183610602
0.1682421878077289
0.2276770281971666
0.1658294568487341
0.20207229382709488
0.17332509691396786
0.16924530866220922
0.12317166338371258
0.2086594370670781
0.18115962219470316
0.16704528265096544
0.17182598534045154
0.1894442606076019
0.20527217083077637
0.16277698062238713
0.18963812948377592
0.19418773679100873
0.17547066710629872
0.1517588481542531
0.177427208862813
0.21660649775119462
0.23937208711400193
0.17598277933199388
0.3389243648766635
0.34838146548090276
0.5639400725629472
0.20687423533541577
0.17580542408675578
0.2646242563541475
0.15201897816085516
0.23128815883816436
0.30312239542333885
0.2906339183336905
0.2433135037401247
0.36909273660959424
0.1843034050634332
0.18998416393999737
0.27190668620309333
0.20833094205996122
0.28916374452761584
0.19806669882694605
0.24631780375205167
0.2286568560100533
0.13960747082765176
0.25704210600442645
0.22689680532993173
0.18901972784292695
0.2576433398715228
0.22083909333772533
0.18935734470732107
0.16577082536016272
0.23925345738490097
0.19512726832799537
0.28226270667547937
0.2395032993988253
0.27767122284461404
0.19708487508307615
0.17185059393084834
0.22485161320751135
0.1643417958486132
0.16439267105702685
0.2290233816731952
0.17841455058446448
0.1617228673839667
0.23382215447730662
0.17506706614276624
0.22975617529175227
0.23959653959933191
0.18269315351589396
0.1194880512737013
0.2555120654176837
0.23912565808857528
0.21726748623136866
0.21819793613718202
0.21000851273956941
0.16661708171846834
0.1760570456047469
0.18810791572821095
0.22202789144259283
0.15964398935895804
0.2165820106139528
0.1834646088481558
0.22036233628650845
0.18675324885938754
0.28327261096845885
0.23185125743475657
0.1663596477875054
0.2308442047783716
0.16338141431964415
0.16754183706013587
0.14581513086736164
0.1774990005437198
0.19594346508555271
0.20776473058616385
0.1846252206660878
0.19645946246429058
0.20165680947070416
0.2051283210355096
0.18342792793867344
0.1620636681004274
0.20026120998323338
0.2439405438503993
0.16313917307077294
0.15610047058055598
0.17761803372769572
0.2252258058003456
0.16637164983334368
0.3057666356475261
0.1839391896915849
0.14815456552092854
0.20665088737977433
0.353443117701193
0.1277877190658372
0.2197074680984799
0.2612524219241028
0.20200944156116332
0.19584090191708334
0.20066642696986295
0.19480892095459523
0.2018401455924348
0.23019451079408693
0.24351501444745638
0.22381600434908064
0.3860655406949616
0.16474466606532182
0.243577218059701
0.21163100635946083
0.20174320164216875
0.2423114218801143
0.2451248473796669
0.25109247116988215
0.17443953290504985
0.21767974533281603
0.1757668086682425
0.2653121982771145
0.23987018637169202
0.16925048144149074
0.21816588950326354
0.22531097855740093
0.22362729610648532
0.17684223994424636
0.1693129374473476
0.14587242198159664
0.18047249529131884
0.19982893499989302
0.21720483698349408
0.21889280662036495
0.17373856108739072
0.27832922710684765
0.16049444004944513
0.20535544981677514
0.2238206302278389
0.1347563841967143
0.19644467841639718
0.2465144478527999
0.18037468469941192
0.20739308607766022
0.18761899203899945
0.18202630601475828
0.19407064568030405
0.22988946568900162
0.21651822890772088
0.14735189344809801
0.15159044362967863
0.20919591189440193
0.18744429225806766
0.15131952619767075
0.19724737691711738
0.13321211278343775
0.28546802403095284
0.20736729833252612
0.24239393348042448
0.24646869939779872
0.14462688715565578
0.2149191812034178
0.20221461715690664
0.15767563214087765
0.24388805173232944
0.1920819039391249
0.18405118712882393
0.1887470174657955
0.24784515617542144
0.23952820529626476
0.23186836823208637
0.21763886603628352
0.17735654007342733
0.22082026324114098
0.19899950525990723
0.24137108520570144
0.19008980733691763
0.15349593418136157
0.13793552800368644
0.191014707681391
0.17365472530163736
0.21272641613950552
0.24352237141880756
0.20533882037318563
0.21672748720863128
0.21588852282630286
0.13920966832834913
0.190629507172774
0.21914288910017796
0.19263365449702696
0.19462276030364975
0.27454670407628706
0.16214765360897215
0.21499154955030234
0.1718775529843379
0.20741029341840286
0.17442027861408846
0.273933661560458
0.15563564213259837
0.20143767931162995
0.26043343088559834
0.19129382695822425
0.19986446928291293
0.1888832692749144
0.19058902172748965
0.19826380796847276
0.145946988055443
0.20243886522899435
0.20158329550950108
0.21671960105288965
0.22442539783615817
0.15975908990742954
0.2795946382854186
0.21991239494636575
0.2235275020659575
0.17987027328958344
0.2042759597191808
0.1331362653065172
0.1647189569012468
0.17971534310052523
0.18070380573757713
0.14794909273844212
0.13619724526978744
0.2646494186753779
0.35355186947260286
0.24818843085242523
0.27605986003654565
0.21424143673977344
0.21519356324732478
0.2714032528744147
0.21799739322585707
0.31967751384094084
0.24845328986411072
0.3317189865749423
0.24906462186860093
0.28489318663226343
0.2515194669660102
0.14785064750195973
0.2596921168011471
0.25447569788235286
0.16070465202872994
0.13370812787186648
0.3217604127285004
0.18833597408146793
0.16683826134115384
0.1531127156955059
0.1948298709824706
0.194002731946555
0.17351837865191416
0.19899767802467894
0.19145495527137238
0.20777570950158433
0.21959546837408864
0.2081172764143854
0.18842574207706694
0.1562294357868254
0.1656266258738484
0.13488707692284638
0.17700133465816154
0.20002090695177677
0.18584001388591415
0.10077105309476886
0.18406664657175767
0.14285377552204578
0.17080655078092613
0.22008458219708665
0.19542955723587407
0.21838434393022169
0.19413801623193305
0.18157597143385945
0.15408217858000842
0.1648412954338261
0.1901181504328414
0.16446543230884048
0.218652278118087
0.1704908182384292
0.1687147958333903
0.1707762892366132
0.16200390970523365
0.203129636726056
0.22161852511814362
0.17336263266732013
0.1692188608661758
0.1936091511111759
0.20497752755919077
0.2205106320502629
0.22788571946970773
0.20626415194922681
0.24771135178363368
0.19017540241449224
0.20394292806275222
0.16161174756318525
0.2378451848320722
0.22288946672809765
0.18553436300435783
0.145152684533455
0.3148134285529726
0.18447250676024657
0.1921247065888802
0.16611835703249367
0.19181950280932775
0.18254181368151756
0.16819334848815373
0.13870290581536163
0.1628192932612688
0.2413899728369426
0.2028437732440245
0.23472542176165326
0.11520271573498642
0.1957095009872239
0.18199628855288083
0.23020969681838424
0.1995003871401819
0.12294101306020061
0.21456244763093155
0.22289722643568963
0.22767866626059644
0.23243980927461363
0.2076174536384716
0.14451012851803197
0.17879705273760776
0.16481420946070363
0.2352795216147485
0.2370987432130245
0.2186412654799159
0.21347936951073146
0.2048611783840448
0.1670823248296761
0.19836977053890448
0.19440859648192915
0.16946114236726104
0.19890106853642464
0.21329894275800357
0.24121204856808004
0.15732246124143695
0.24662649849427704
0.20395079428659132
0.20942218871649035
0.25531697606364673
0.2119569647374754
0.197583263441907
0.1897551408720329
0.23281256695968472
0.19797340074148462
0.20488654747380197
0.1856840101821621
0.22951442384056933
0.21078440487707834
0.3060066269848293
0.15665385830467807
0.19563627084215285
0.20638628306516477
0.21519126813516523
0.17558008742034908
0.21753268435781223
0.20456243858090808
0.31628905931175094
0.3077134497884118
0.18058445181670546
0.2156541534809008
0.22070621580043653
0.2050062893816786
0.21421905680332406
0.22001680732213297
0.19763108935777132
0.18177372067275113
0.2131363062400264
0.1925619577815165
0.1965021964862292
0.22137474882658695
0.17696841323493515
0.2018034972077632
0.27563066708797046
0.19634887534668918
0.1938510814610847
0.23918331514712332
0.18741642193647495
0.1594032233612903
0.1660273658310717
0.19578670961363553
0.21602207265445805
0.13678760602547407
0.20817579620607737
0.16819151938078353
0.24580546044526083
0.1457695067466178
0.16102301722748333
0.2263999908485223
0.17396654000728123
0.20409435100811976
0.20591396662491598
0.19041014767435657
0.18579048847911933
0.20058256998979213
0.18968940229294948
0.1556857879671742
0.33579098760870807
0.1906999290260608
0.15053603890470577
0.2183774839842269
0.22078722308430165
0.18291963394608177
0.18011634354974307
0.2095874958317915
0.2022480877668515
0.18813701007575595
0.1661871526318352
0.17541340714745868
0.16801416406554873
0.1593526632230261
0.21536171835673987
0.18905333391470663
0.1472236373386823
0.25301432885434133
0.21380325884586596
0.176811366759427
0.22374268563235786
0.16684352615242382
0.2670515957821754
0.22803504643271666
0.1698741304217946
0.2502012250873268
0.203897089061186
0.15448672110670245
0.19029816954917372
0.38880073596575304
0.2099578368179125
0.19754448154731796
0.18402984160469138
0.15499710809033324
0.2450399585818887
0.19436763397354917
0.18125293343914
0.184998687521789
0.1860336470227272
0.18985549786689915
0.19641044957784132
0.2016623476939142
0.15069323516667896
0.18879937870849237
0.1559395226712457
0.17147250317381266
0.19575175537199138
0.20591377395476285
0.13707259377292486
0.262283285506836
0.18134178258203681
0.15115931061375074
0.18931421363998646
0.16171305832930224
0.16708633053432134
0.2015532365643098
0.2330772122036517
0.16746651225627027
0.16251257400155636
0.17493536482566197
0.2039400269665166
0.192933277327159
0.19053557944230895
0.16418917451150655
0.20558409797392768
0.14539111549690253
0.20373494921323632
0.16423222553512784
0.16114719511397366
0.15848150448024448
0.2221561916199219
0.2071318709328632
0.2601184271416502
0.19580504855343983
0.21030859938956295
0.31212796602976506
0.1881967376161647
0.19316962546614178
0.19709267652940116
0.18191538978336466
0.1654775564380139
0.2156458007963231
0.1323270518496322
0.17850936994450073
0.17632454553644178
0.1834124986887756
0.20184689564450506
0.1955980352993443
0.1826609051491437
0.2548071738445427
0.22089532831311834
0.18810634051540445
0.24943098912594627
0.13802031165272113
0.24899562130009126
0.26307504882391153
0.1962329319606903
0.17054630691504047
0.27574849855924644
0.26779955556930296
0.2565499543747674
0.22088276558567305
0.2491658154018691
0.22254713926919886
0.2630619423980387
0.21296965498837123
0.22024981899112173
0.21176100269675252
0.19021621490308468
0.23954680850387894
0.49008699252212073
0.19240068591474352
0.17064573076314252
0.15438247641032954
0.25740576986581654
0.20321272639217303
0.21912377599908053
0.18496806530614743
0.21935148395421855
0.18442093128370285
0.2081689512536649
0.23383463088682616
0.14812136714720772
0.17015203775174498
0.14922881713934105
0.15643840127073563
0.1798619622111954
0.14574910107041616
0.18042250350409147
0.301729317826388
0.20453184087451245
0.20611671425351713
0.2016008257802444
0.20358158409895036
0.18373760777222992
0.23172470290698177
0.23728910201446088
0.1573528067822481
0.16808451034917207
0.20056084021665532
0.22119141445589338
0.23829238500299393
0.25365145333389344
0.14877426368348162
0.22267070508322223
0.18321112727020053
0.23488788221876272
0.1657281306116541
0.1680970568047773
0.205130976134657
0.19628351289040727
0.24106943737694161
0.14420244324966888
0.18620618161680702
0.21042093816627264
0.19371869254124693
0.23353756214331425
0.1871964189987542
0.14246063805032264
0.16127317117984089
0.23190254980019448
0.19223202470633294
0.1849086590236484
0.1847611323335836
0.26350702056796743
0.1687863858694611
0.19761410154646747
0.27412992574864825
0.1354259117084575
0.22198452776949382
0.1959602109018836
0.26128031591950085
0.19979551490259792
0.23216814034060304
0.21283610543551443
0.19990072182444035
0.18322331002713507
0.1833822849960712
0.1556424110649583
0.18686489341923143
0.18680377597588416
0.1478533859507966
0.18641287881635252
0.15406538365148012
0.22994109494479245
0.1170443191327538
0.18627075719401096
0.15015201423714084
0.21303332209646217
0.1749262784912661
0.1658826474869322
0.21176320610239197
0.22545847311142597
0.26160034888234396
0.17434881727349416
0.11507325858039372
0.23624509045552516
0.23479293147266136
0.20734774422656316
0.19356235383429507
0.23769375836446094
0.20879147868911194
0.1825223940782352
0.17371314176092206
0.2377419151250692
0.17898804000161092
0.2432650480222598
0.20673134846559266
0.2124494098928875
0.19409269030910872
0.20532614020246984
0.22672028932761887
0.23792537559835766
0.2804495936353967
0.22757256677476614
0.15805486566425714
0.23230403408922154
0.19531249145434337
0.15802385679642975
0.13010309321401656
0.17304281909523353
0.2328923452996885
0.17238181689807516
0.12585962375525064
0.15735070191124617
0.20098451536665812
0.3003126955256033
0.16965713475316546
0.20508597275555843
0.282081241382739
0.23844808234662535
0.2347288862504876
0.17480243221359662
0.2201344839576649
0.10079583546090407
0.22354666657316946
0.20554438495457664
0.17589804140554693
0.2080790749785022
0.22987920792103314
0.14664786208754618
0.24065871875606992
0.15755341223947597
0.16398122318499148
0.20569541849419098
0.2577392966953178
0.17445539057655632
0.234261199127718
0.14301648866986616
0.16663963152154884
0.24820074260579877
0.24922641218909825
0.1884555188710438
0.16411310568807075
0.20358038136832518
0.1626586641833897
0.1508184912620983
0.2212476338891422
0.20404933242051548
0.1787362738917283
0.21536106404514677
0.20025069933919734
0.17676646709440888
0.24823200260566475
0.24385371474207873
0.15711015342780366
0.1925545728340783
0.21098543511894075
0.1993710320209474
0.17463438457007038
0.179293387221977
0.16261738003821297
0.25465262457708976
0.18899526853968096
0.16621471632103718
0.3940357784825731
0.16882535570995424
0.2255842532796406
0.21308627672992342
0.19656205384026146
0.17183907885278693
0.24924195185474315
0.17141237819502023
0.17439271276206403
0.20121388188479458
0.16951665289141554
0.1903814677150164
0.21950359003231565
0.211971418475133
0.2193982551962395
0.252023627563605
0.1936995205132771
0.156088175014584
0.16522432995086203
0.17359238366060548
0.23295813897642906
0.1726208948865511
0.17718724795633747
0.21215922518139793
0.23439200325166643
0.19951050559558497
0.1990362164437553
0.20619113464568556
0.2268337229340397
0.21480536691273444
0.21936161617352948
0.19402176258229614
0.22610538818905115
0.20374154455247784
0.19394201698513663
0.17684118647302188
0.19164419479370703
0.18189961380027667
0.25607534903763474
0.1755307508896349
0.20976414157106338
0.2184656521062329
0.19576318739934181
0.22112210022711073
0.12740155174698137
0.19001566821199037
0.24332230468431038
0.3451831655644483
0.1425616085872888
0.22601517067225452
0.24933264864012908
0.20369288017293033
0.19564066445153708
0.1839085942666515
0.18685319469793923
0.16974492718540768
0.2014781475430072
0.21148707870511513
0.13259986660201542
0.1526103636184238
0.1861970334577167
0.14356229564726652
0.1801472763995208
0.17148508637040788
0.19523547594926566
0.19592373298770707
0.21062198395709492
0.2632637216206656
0.17635807336354767
0.16848241736154912
0.1784551205657458
0.21392867389477693
0.23451299794779368
0.23584740174612598
0.15745406860930222
0.16082421037438546
0.2879898168980775
0.1667073576053836
0.154179406793204
0.15135114074139555
0.21246158503964863
0.21440960445205795
0.18600847474516974
0.18264396357284296
0.19415100131162447
0.1500420958895698
0.18216630416052265
0.17338280637871503
0.14121620746112573
0.17697569295002571
0.18322008247000995
0.17962392482717127
0.2182453828645249
0.19696539425977747
0.2309724013343973
0.20731005286469786
0.24054669302877055
0.2456214274705475
0.21068508026389537
0.19352121342232426
0.20224289482748248
0.1953210457819297
0.18182732985892963
0.16382878792152225
0.19484398876099077
0.15223557622779957
0.18486372741980525
0.2056028834669141
0.2145530561546883
0.20341134508220746
0.26343295418009216
0.3457554200500081
0.1954703597449182
0.1892819085023433
0.1623828365681988
0.2348447767955919
0.14096685194242156
0.19029773273425735
0.16946487210299555
0.18042593472212226
0.27299489148653416
0.16688711065400497
0.1750161221169533
0.17945700252218605
0.12758132563713911
0.18716838711308734
0.1460559208466938
0.2464567299990058
0.21675728480717785
0.18304998056009775
0.17043514778177873
0.16855585180054794
0.18487891368683335
0.22646285330267224
0.19446929836115523
0.20077728161651245
0.16211484978373353
0.18837374213274108
0.1987281699774293
0.13873685722350518
0.16529765410095631
0.20673806017792118
0.16855585319593422
0.1911140767018021
0.18584836865804116
0.16276484564047006
0.18924976127769616
0.17035685059437955
0.21243080211827345
0.15989954322295047
0.21833584933964842
0.1643892638568305
0.21578879427853945
0.2139720504414993
0.16070853484561187
0.18851612032370674
0.16420955636487478
0.11422631569813364
0.19100432654686894
0.2281848307159754
0.2093964395659598
0.21107481712563703
0.1915084398037156
0.22493312604024868
0.18399472069167083
0.25219468728011707
0.1588072426907929
0.21738655025150433
0.19582814793124104
0.180119618772247
0.1896490010049703
0.20012952380011326
0.23822616417449533
0.2333998454664581
0.16891509106589353
0.150889911001117
0.1931898193330932
